14  0  0  5  3  0  0  6  2 11  0  0  0  7  0  0
 8 13  0  0 11  0  0  0 14  0  0  0  0  0  2  9
 0  9  0 11  0  0  0  7  0 10  3  0  0  0  8 14
16  0  6  0  0  0  4  9 15  0  1  8  0  0  0  0
 0  0  0  0  0  4  0  0 16  0  5  0 13  1 14 15
15 14  0  0  0  0 13  0  0  7  8  1  0  3  0  5
 0  0 13  0 16  0  5  1 10  0 11 14  6  0  7  0
 5  1  0  6  0 15  0  0 13  0  0  0  0  0 16  0
13  0  0  0  2  7  0  0  0  0  0  5  0  4 12  0
 1  0 14  9  4  3  0 16  8  2  0  0  0 10  0  7
 6  0  0  4 12  0  0 11  0  9  0  0  0  0 15  0
 2  8 11 12  0  0  0  0  7  0  4 10  0  9  3  0
 9  0  1 14 10 11  0  0  0  3 13  0  8  0  0 16
11  0  0  0  0  0  8  3  1  0  7  0 14  0  0  4
 3  5  8  0  9  3  0 13  0  0  0  0  7 12  0  0
 0  0 16  0  5  6 12  0  0  0  0  0  0  0  1  0
